1 0.52125 0.3902877697841727 0.085 0.10071942446043165
1 0.669375 0.30935251798561153 0.13625 0.14388489208633093
1 0.125625 0.4001798561151079 0.04375 0.044964028776978415
1 0.22625 0.3965827338129496 0.045 0.048561151079136694
1 0.3075 0.37859712230215825 0.0475 0.05935251798561151
2 0.51 0.2841726618705036 0.1125 0.13309352517985612
2 0.119375 0.35611510791366907 0.06625 0.08273381294964029
2 0.22375 0.3462230215827338 0.08 0.09532374100719425
2 0.68875 0.13399280575539568 0.25 0.19244604316546762
2 0.31125 0.329136690647482 0.07 0.07913669064748201
