1 0.8227016885553471 0.399375 0.23076923076923078 0.13375
1 0.4071294559099437 0.42625 0.1125703564727955 0.0675
1 0.575984990619137 0.45625 0.13133208255159476 0.0725
1 0.13696060037523453 0.44375 0.07129455909943715 0.0475
1 0.24202626641651032 0.494375 0.07879924953095685 0.05125
2 0.41369606003752346 0.349375 0.14071294559099437 0.11125
2 0.1397748592870544 0.3825 0.09943714821763602 0.1
2 0.24390243902439024 0.423125 0.1125703564727955 0.11125
2 0.8386491557223265 0.196875 0.3227016885553471 0.27375
2 0.574108818011257 0.35875 0.16135084427767354 0.1325
