1 0.3475 0.32875457875457875 0.11 0.13003663003663005
1 0.543125 0.25366300366300365 0.07375 0.09340659340659341
1 0.44875 0.27564102564102566 0.0775 0.11172161172161173
1 0.64 0.29304029304029305 0.0575 0.08058608058608059
1 0.739375 0.24175824175824176 0.06375 0.07692307692307693
2 0.545625 0.16941391941391942 0.09625 0.11172161172161173
2 0.64375 0.2216117216117216 0.0825 0.11721611721611722
2 0.339375 0.1987179487179487 0.13375 0.14102564102564102
2 0.740625 0.17399267399267399 0.08125 0.10256410256410256
2 0.44875 0.17673992673992675 0.095 0.1043956043956044
