1 0.769375 0.5150093808630394 0.05125 0.06191369606003752
1 0.37125 0.5637898686679175 0.04 0.054409005628517824
1 0.25625 0.5590994371482176 0.0375 0.04878048780487805
1 0.685 0.5178236397748592 0.04 0.0525328330206379
1 0.528125 0.50093808630394 0.04625 0.0600375234521576
2 0.77375 0.43058161350844276 0.065 0.12570356472795496
2 0.373125 0.5187617260787992 0.05375 0.06191369606003752
2 0.685625 0.46716697936210133 0.05375 0.06378986866791744
2 0.52125 0.425891181988743 0.0575 0.11632270168855535
2 0.256875 0.5159474671669794 0.04875 0.05628517823639775
