3 0.334375 0.2598499061913696 0.04875 0.08067542213883677
3 0.67375 0.21388367729831145 0.0525 0.06378986866791744
3 0.873125 0.2598499061913696 0.07875 0.08818011257035648
3 0.565 0.23076923076923078 0.045 0.0600375234521576
3 0.159375 0.21575984990619138 0.05125 0.06378986866791744
3 0.235625 0.2776735459662289 0.04875 0.0600375234521576
3 0.790625 0.2579737335834897 0.04625 0.054409005628517824
1 0.450625 0.25422138836772984 0.03625 0.06566604127579738
1 0.566875 0.2767354596622889 0.03625 0.058161350844277676
1 0.676875 0.2682926829268293 0.04375 0.0600375234521576
1 0.155625 0.26454033771106944 0.04375 0.05628517823639775
1 0.79125 0.29362101313320826 0.04 0.058161350844277676
1 0.239375 0.31801125703564725 0.03625 0.05065666041275797
1 0.871875 0.3142589118198874 0.04375 0.054409005628517824
1 0.3375 0.3236397748592871 0.0375 0.058161350844277676
2 0.45125 0.18574108818011256 0.0525 0.10881801125703565
