1 0.191875 0.2752808988764045 0.08625 0.09737827715355805
1 0.495625 0.40823970037453183 0.03875 0.04868913857677903
1 0.68875 0.33614232209737827 0.0825 0.10299625468164794
1 0.58875 0.37265917602996257 0.04 0.056179775280898875
1 0.365 0.41292134831460675 0.05 0.07303370786516854
1 0.639375 0.40168539325842695 0.05125 0.06179775280898876
2 0.673125 0.25187265917602997 0.09625 0.11423220973782772
2 0.371875 0.350187265917603 0.08625 0.10112359550561797
2 0.1625 0.16760299625468164 0.1675 0.14794007490636704
2 0.49625 0.3595505617977528 0.0525 0.06741573033707865
2 0.641875 0.33707865168539325 0.06875 0.09363295880149813
2 0.591875 0.3192883895131086 0.04875 0.07677902621722846
