3 0.35125 0.3771106941838649 0.0925 0.1125703564727955
3 0.109375 0.2879924953095685 0.09875 0.11069418386491557
3 0.770625 0.24577861163227016 0.11375 0.14634146341463414
3 0.550625 0.23921200750469043 0.08875 0.10694183864915573
3 0.213125 0.20544090056285177 0.08875 0.10694183864915573
1 0.55375 0.324577861163227 0.075 0.08630393996247655
1 0.21875 0.2954971857410882 0.07 0.08442776735459662
1 0.36375 0.46716697936210133 0.075 0.09380863039399624
1 0.874375 0.3789868667917448 0.08125 0.1125703564727955
1 0.1175 0.3808630393996248 0.075 0.08630393996247655
1 0.696875 0.3874296435272045 0.07125 0.11069418386491557
2 0.901875 0.20075046904315197 0.14125 0.27392120075046905
2 0.698125 0.21951219512195122 0.09375 0.21388367729831145
