2 0.22125 0.40619136960600377 0.115 0.11819887429643527
2 0.493125 0.43808630393996245 0.10125 0.1294559099437148
2 0.6475 0.47654784240150094 0.1 0.1050656660412758
2 0.765 0.5196998123827392 0.105 0.12382739212007504
2 0.361875 0.3724202626641651 0.08875 0.14071294559099437
0 0.65 0.5666041275797373 0.0725 0.0975609756097561
0 0.3625 0.48405253283302063 0.075 0.0900562851782364
0 0.50125 0.5487804878048781 0.07 0.10318949343339587
0 0.228125 0.4906191369606004 0.07625 0.08067542213883677
0 0.7725 0.6444652908067542 0.085 0.10694183864915573
