3 0.224375 0.17518248175182483 0.16625 0.18248175182481752
3 0.83125 0.2737226277372263 0.105 0.13138686131386862
3 0.583125 0.125 0.11125 0.11861313868613138
3 0.9275 0.07937956204379562 0.1025 0.11861313868613138
1 0.245 0.34854014598540145 0.105 0.13503649635036497
1 0.385 0.3074817518248175 0.0875 0.12226277372262774
1 0.81875 0.38321167883211676 0.09 0.10218978102189781
1 0.5875 0.22627737226277372 0.08 0.10218978102189781
1 0.930625 0.18795620437956204 0.08375 0.12408759124087591
2 0.3875 0.12956204379562045 0.1175 0.2591240875912409
