3 0.190625 0.26641651031894936 0.14875 0.16885553470919323
3 0.730625 0.14446529080675422 0.08125 0.0975609756097561
3 0.46 0.1894934333958724 0.0825 0.0975609756097561
3 0.640625 0.30863039399624764 0.08125 0.09568480300187618
1 0.215625 0.40431519699812385 0.07125 0.11069418386491557
1 0.460625 0.2682926829268293 0.06625 0.0825515947467167
1 0.31 0.32926829268292684 0.0625 0.09568480300187618
1 0.83375 0.29362101313320826 0.07 0.09943714821763602
1 0.633125 0.3808630393996248 0.06625 0.07879924953095685
1 0.726875 0.23076923076923078 0.06375 0.09380863039399624
2 0.855625 0.14071294559099437 0.10625 0.2176360225140713
2 0.31 0.18667917448405252 0.095 0.2270168855534709
