3 0.830625 0.09943714821763602 0.19375 0.18761726078799248
3 0.491875 0.17073170731707318 0.09375 0.1125703564727955
3 0.275 0.3058161350844278 0.09 0.10881801125703565
3 0.169375 0.13696060037523453 0.08875 0.1050656660412758
1 0.8 0.29174484052532834 0.11 0.15572232645403378
1 0.66125 0.3302063789868668 0.0675 0.1125703564727955
1 0.49 0.2598499061913696 0.0725 0.09568480300187618
1 0.16875 0.22326454033771106 0.0725 0.0900562851782364
1 0.276875 0.398686679174484 0.07125 0.09568480300187618
2 0.66125 0.16885553470919323 0.0975 0.2401500938086304
