1 0.22875 0.29924242424242425 0.07 0.08712121212121213
1 0.3725 0.3087121212121212 0.065 0.09090909090909091
1 0.52125 0.2708333333333333 0.0775 0.09848484848484848
1 0.813125 0.3115530303030303 0.07125 0.08901515151515152
1 0.68125 0.2604166666666667 0.0675 0.08901515151515152
2 0.356875 0.22727272727272727 0.09375 0.13636363636363635
2 0.224375 0.2159090909090909 0.09375 0.13636363636363635
2 0.51625 0.17613636363636365 0.095 0.10984848484848485
2 0.818125 0.22632575757575757 0.09375 0.10416666666666667
2 0.681875 0.17897727272727273 0.08125 0.10416666666666667
