1 0.759375 0.27977315689981097 0.08625 0.10207939508506617
1 0.576875 0.2844990548204159 0.08625 0.10396975425330812
1 0.123125 0.31190926275992437 0.04375 0.04914933837429111
1 0.230625 0.29206049149338376 0.04375 0.04725897920604915
1 0.365 0.29206049149338376 0.04 0.05103969754253308
2 0.780625 0.1323251417769376 0.15375 0.19659735349716445
2 0.568125 0.16068052930056712 0.13875 0.17391304347826086
2 0.1175 0.2665406427221172 0.0625 0.07561436672967864
2 0.225 0.2495274102079395 0.06 0.06805293005671077
2 0.3625 0.23534971644612476 0.055 0.07750472589792061
