3 0.421875 0.1524024024024024 0.07375 0.12162162162162163
3 0.810625 0.13063063063063063 0.08375 0.09309309309309309
3 0.608125 0.1569069069069069 0.07625 0.1006006006006006
3 0.169375 0.11936936936936937 0.07125 0.09759759759759759
3 0.215625 0.17717717717717718 0.07875 0.07207207207207207
3 0.711875 0.15990990990990991 0.10375 0.09759759759759759
3 0.5075 0.1906906906906907 0.0625 0.07507507507507508
1 0.610625 0.2057057057057057 0.05375 0.06006006006006006
1 0.22 0.23123123123123124 0.0525 0.06006006006006006
1 0.81 0.1921921921921922 0.06 0.06306306306306306
1 0.346875 0.1704204204204204 0.04875 0.06456456456456457
1 0.418125 0.22972972972972974 0.05625 0.057057057057057055
1 0.505625 0.22747747747747749 0.04375 0.04954954954954955
1 0.7075 0.21396396396396397 0.0475 0.052552552552552555
1 0.17125 0.16066066066066065 0.0525 0.057057057057057055
2 0.3475 0.0945945945945946 0.065 0.1111111111111111
