3 0.6975 0.31962616822429907 0.0925 0.11962616822429907
3 0.258125 0.297196261682243 0.12125 0.14205607476635515
3 0.4175 0.3177570093457944 0.07 0.08598130841121496
1 0.546875 0.3719626168224299 0.09625 0.12710280373831775
1 0.694375 0.41495327102803736 0.07375 0.08971962616822429
1 0.866875 0.37570093457943926 0.06875 0.08598130841121496
1 0.418125 0.38878504672897196 0.05625 0.07476635514018691
1 0.26 0.39158878504672895 0.07 0.08785046728971962
2 0.5425 0.22803738317757008 0.165 0.19813084112149532
2 0.87 0.2691588785046729 0.1275 0.14953271028037382
