1 0.34803001876172607 0.32125 0.21951219512195122 0.1225
1 0.9390243902439024 0.288125 0.12195121951219512 0.08375
1 0.7823639774859287 0.236875 0.1350844277673546 0.06875
1 0.5487804878048781 0.3375 0.14446529080675422 0.0825
1 0.07223264540337711 0.238125 0.13320825515947468 0.06375
2 0.7795497185741088 0.144375 0.18198874296435272 0.13375
2 0.07879924953095685 0.13625 0.1575984990619137 0.165
2 0.3273921200750469 0.145 0.3545966228893058 0.2275
2 0.9315196998123827 0.17875 0.13696060037523453 0.155
2 0.5440900562851783 0.215 0.18761726078799248 0.18
