1 0.73875 0.45121951219512196 0.055 0.06566604127579738
1 0.51875 0.42213883677298314 0.0475 0.0600375234521576
1 0.1925 0.4812382739212008 0.0375 0.05065666041275797
1 0.391875 0.474671669793621 0.03875 0.04878048780487805
1 0.63875 0.44934333958724204 0.045 0.058161350844277676
2 0.744375 0.35834896810506567 0.06625 0.1275797373358349
2 0.39625 0.4268292682926829 0.06 0.06191369606003752
2 0.51375 0.33864915572232646 0.06 0.11819887429643527
2 0.193125 0.43808630393996245 0.05375 0.06191369606003752
2 0.63875 0.39305816135084426 0.06 0.06566604127579738
