3 0.491875 0.3330206378986867 0.08875 0.11444652908067542
3 0.3875 0.17823639774859287 0.0925 0.1275797373358349
3 0.766875 0.424953095684803 0.08625 0.12570356472795496
3 0.69 0.2926829268292683 0.0725 0.10881801125703565
3 0.576875 0.4606003752345216 0.08375 0.09193245778611632
1 0.5725 0.5356472795497186 0.0575 0.07692307692307693
1 0.390625 0.27861163227016883 0.06125 0.08067542213883677
1 0.496875 0.42401500938086306 0.05875 0.075046904315197
1 0.685625 0.37335834896810505 0.05625 0.07129455909943715
1 0.76875 0.5084427767354597 0.065 0.07879924953095685
