1 0.26 0.35365853658536583 0.06 0.07317073170731707
1 0.731875 0.27861163227016883 0.05375 0.07317073170731707
1 0.555 0.3123827392120075 0.0825 0.10318949343339587
1 0.14375 0.2945590994371482 0.0425 0.05628517823639775
1 0.429375 0.33583489681050654 0.03875 0.04878048780487805
2 0.243125 0.24765478424015008 0.09375 0.1575984990619137
2 0.554375 0.1529080675422139 0.11625 0.21200750469043153
2 0.735625 0.1904315196998124 0.06875 0.13696060037523453
2 0.4275 0.2692307692307692 0.0575 0.10694183864915573
2 0.14375 0.19324577861163228 0.055 0.1801125703564728
