3 0.20125 0.25609756097560976 0.1225 0.12570356472795496
3 0.415625 0.18574108818011256 0.10125 0.1200750469043152
3 0.504375 0.22795497185741087 0.08375 0.14446529080675422
3 0.726875 0.25140712945590993 0.07875 0.09380863039399624
3 0.30625 0.20075046904315197 0.1025 0.12382739212007504
3 0.81 0.30863039399624764 0.1075 0.11069418386491557
3 0.61375 0.29924953095684803 0.0825 0.09943714821763602
1 0.3025 0.30863039399624764 0.08 0.09943714821763602
1 0.2 0.36397748592870544 0.0875 0.1050656660412758
1 0.619375 0.37523452157598497 0.05625 0.07879924953095685
1 0.41125 0.2926829268292683 0.0775 0.0975609756097561
1 0.724375 0.33583489681050654 0.07125 0.08630393996247655
1 0.51 0.33583489681050654 0.07 0.0825515947467167
1 0.89 0.3545966228893058 0.0525 0.07879924953095685
1 0.8025 0.399624765478424 0.06 0.0825515947467167
2 0.890625 0.2551594746716698 0.06875 0.14634146341463414
