3 0.335 0.20168855534709193 0.055 0.08442776735459662
3 0.66625 0.17166979362101314 0.055 0.06566604127579738
3 0.155625 0.1651031894934334 0.05625 0.06378986866791744
3 0.791875 0.22607879924953095 0.05375 0.06566604127579738
3 0.899375 0.2073170731707317 0.08375 0.08818011257035648
3 0.239375 0.2223264540337711 0.05625 0.06566604127579738
3 0.56125 0.18198874296435272 0.0525 0.0600375234521576
1 0.665625 0.22889305816135083 0.04125 0.05628517823639775
1 0.4425 0.2045028142589118 0.0375 0.0600375234521576
1 0.5625 0.23170731707317074 0.0375 0.05065666041275797
1 0.150625 0.22045028142589118 0.04625 0.054409005628517824
1 0.89625 0.26641651031894936 0.0425 0.05628517823639775
1 0.238125 0.26641651031894936 0.03625 0.04878048780487805
1 0.330625 0.27298311444652906 0.03875 0.058161350844277676
1 0.7875 0.27204502814258913 0.0375 0.04878048780487805
2 0.445 0.13414634146341464 0.0525 0.10318949343339587
