3 0.905 0.3874296435272045 0.1875 0.20825515947467166
3 0.08375 0.3808630393996248 0.1675 0.2176360225140713
3 0.21125 0.3395872420262664 0.12 0.2701688555347092
3 0.216875 0.4277673545966229 0.12375 0.16135084427767354
1 0.881875 0.5562851782363978 0.14625 0.12570356472795496
1 0.709375 0.574108818011257 0.07125 0.0825515947467167
1 0.21625 0.5450281425891182 0.0875 0.10318949343339587
1 0.5125 0.4427767354596623 0.0875 0.0975609756097561
1 0.0675 0.5356472795497186 0.135 0.13320825515947468
2 0.711875 0.44934333958724204 0.10625 0.19324577861163228
2 0.519375 0.3227016885553471 0.14125 0.19887429643527205
