1 0.1425 0.5099009900990099 0.0575 0.066006600660066
1 0.310625 0.5379537953795379 0.05375 0.0594059405940594
1 0.834375 0.5486798679867987 0.06375 0.06765676567656766
1 0.71125 0.528052805280528 0.0575 0.0627062706270627
1 0.475625 0.4975247524752475 0.05625 0.06765676567656766
1 0.5825 0.528052805280528 0.0525 0.0594059405940594
2 0.720625 0.4537953795379538 0.09875 0.10561056105610561
2 0.136875 0.4265676567656766 0.10125 0.14026402640264027
2 0.83 0.48267326732673266 0.1075 0.10066006600660066
2 0.306875 0.4793729372937294 0.07375 0.07425742574257425
2 0.469375 0.4174917491749175 0.09875 0.11221122112211221
2 0.57625 0.47112211221122113 0.065 0.06765676567656766
