3 0.59 0.2692307692307692 0.125 0.11819887429643527
3 0.213125 0.19699812382739212 0.11125 0.1801125703564728
3 0.713125 0.2579737335834897 0.08125 0.09568480300187618
3 0.3925 0.16322701688555347 0.1025 0.12382739212007504
3 0.475 0.2523452157598499 0.085 0.10318949343339587
3 0.303125 0.1951219512195122 0.08625 0.1275797373358349
3 0.7725 0.30863039399624764 0.0575 0.07692307692307693
1 0.229375 0.35647279549718575 0.09125 0.11632270168855535
1 0.85375 0.34615384615384615 0.055 0.08067542213883677
1 0.39 0.27204502814258913 0.075 0.10131332082551595
1 0.583125 0.3714821763602251 0.06875 0.10131332082551595
1 0.305 0.31050656660412757 0.07 0.10318949343339587
1 0.7775 0.3621013133208255 0.0575 0.08630393996247655
1 0.70875 0.3433395872420263 0.07 0.09380863039399624
1 0.47125 0.32176360225140715 0.06 0.06941838649155722
2 0.855 0.24859287054409004 0.0725 0.14446529080675422
