1 0.57 0.2959770114942529 0.085 0.1053639846743295
1 0.74875 0.28639846743295017 0.085 0.09770114942528736
1 0.41 0.2557471264367816 0.0525 0.05938697318007663
1 0.253125 0.2710727969348659 0.04625 0.05172413793103448
1 0.129375 0.3065134099616858 0.04875 0.05363984674329502
2 0.769375 0.14367816091954022 0.14375 0.20306513409961685
2 0.568125 0.17624521072796934 0.12375 0.1532567049808429
2 0.11875 0.2595785440613027 0.0775 0.09770114942528736
2 0.249375 0.2164750957854406 0.06625 0.08045977011494253
2 0.419375 0.19636015325670497 0.08875 0.09386973180076628
