3 0.723125 0.12570356472795496 0.15125 0.16135084427767354
3 0.081875 0.28424015009380865 0.07875 0.09193245778611632
3 0.60125 0.19606003752345216 0.08 0.11444652908067542
3 0.42875 0.2401500938086304 0.0825 0.0975609756097561
3 0.243125 0.31050656660412757 0.08375 0.09193245778611632
1 0.711875 0.29080675422138835 0.13125 0.1425891181988743
1 0.245 0.37523452157598497 0.0625 0.07879924953095685
1 0.42875 0.30956848030018763 0.07 0.07879924953095685
1 0.08125 0.3517823639774859 0.065 0.07317073170731707
1 0.60125 0.27392120075046905 0.0625 0.07879924953095685
