3 0.650625 0.27392120075046905 0.07125 0.0825515947467167
3 0.795 0.274859287054409 0.0825 0.09943714821763602
3 0.31875 0.1904315196998124 0.0975 0.10318949343339587
3 0.503125 0.27204502814258913 0.08375 0.1050656660412758
3 0.555625 0.4849906191369606 0.07625 0.09568480300187618
1 0.32875 0.27861163227016883 0.065 0.09568480300187618
1 0.646875 0.3442776735459662 0.05875 0.06941838649155722
1 0.78 0.3545966228893058 0.06 0.08630393996247655
1 0.485 0.3339587242026266 0.0575 0.0675422138836773
1 0.531875 0.5300187617260788 0.05375 0.07317073170731707
