3 0.849375 0.4572192513368984 0.09125 0.10873440285204991
3 0.520625 0.4028520499108734 0.09375 0.09982174688057041
3 0.6125 0.39037433155080214 0.07 0.0784313725490196
3 0.97625 0.533868092691622 0.0475 0.15151515151515152
1 0.279375 0.31016042780748665 0.10625 0.12477718360071301
1 0.84375 0.5347593582887701 0.065 0.0748663101604278
1 0.615 0.45276292335115864 0.0525 0.0570409982174688
1 0.53375 0.483065953654189 0.065 0.07130124777183601
1 0.96 0.5944741532976827 0.0525 0.08377896613190731
2 0.281875 0.13458110516934046 0.19625 0.22281639928698752
