3 0.730625 0.27298311444652906 0.13375 0.1669793621013133
3 0.2925 0.41181988742964354 0.135 0.17073170731707318
1 0.559375 0.3874296435272045 0.06625 0.09568480300187618
1 0.72125 0.4155722326454034 0.1075 0.11069418386491557
1 0.32 0.5328330206378987 0.1025 0.10131332082551595
1 0.143125 0.3067542213883677 0.03375 0.054409005628517824
2 0.4825 0.20544090056285177 0.05 0.11069418386491557
2 0.143125 0.24296435272045028 0.06375 0.10318949343339587
2 0.564375 0.2354596622889306 0.07625 0.23076923076923078
2 0.3075 0.2326454033771107 0.06 0.06378986866791744
2 0.52 0.16604127579737335 0.0325 0.09943714821763602
2 0.335625 0.1697936210131332 0.02375 0.03189493433395872
