1 0.3975 0.39587242026266417 0.0475 0.06378986866791744
1 0.575 0.450281425891182 0.0375 0.0450281425891182
1 0.126875 0.4624765478424015 0.03375 0.03564727954971857
1 0.65375 0.4793621013133208 0.0325 0.03564727954971857
1 0.225 0.44934333958724204 0.0275 0.03564727954971857
2 0.651875 0.42870544090056284 0.04375 0.08818011257035648
2 0.22375 0.3977485928705441 0.04 0.0825515947467167
2 0.12625 0.424953095684803 0.0475 0.058161350844277676
2 0.39625 0.3348968105065666 0.0675 0.08067542213883677
2 0.576875 0.4071294559099437 0.05375 0.0600375234521576
