3 0.45875 0.22420262664165103 0.0875 0.13696060037523453
3 0.823125 0.1801125703564728 0.09875 0.1125703564727955
3 0.24125 0.13883677298311445 0.0775 0.09380863039399624
3 0.6525 0.20356472795497185 0.0825 0.10318949343339587
3 0.18625 0.2692307692307692 0.0975 0.10318949343339587
3 0.556875 0.24108818011257035 0.06625 0.08442776735459662
3 0.7325 0.21388367729831145 0.0875 0.11632270168855535
1 0.555 0.30206378986866794 0.045 0.07129455909943715
1 0.241875 0.22326454033771106 0.06625 0.08630393996247655
1 0.344375 0.20544090056285177 0.05125 0.07692307692307693
1 0.81625 0.28236397748592873 0.07 0.08818011257035648
1 0.443125 0.3433395872420263 0.06625 0.08630393996247655
1 0.18125 0.349906191369606 0.065 0.08442776735459662
1 0.650625 0.29174484052532834 0.06375 0.09193245778611632
1 0.72 0.2926829268292683 0.0525 0.07879924953095685
2 0.343125 0.11163227016885553 0.06875 0.14071294559099437
