3 0.54125 0.2589118198874296 0.09 0.1050656660412758
3 0.848125 0.3123827392120075 0.07625 0.08818011257035648
3 0.4125 0.2682926829268293 0.055 0.075046904315197
3 0.63875 0.24108818011257035 0.075 0.11069418386491557
1 0.845625 0.38555347091932457 0.05625 0.06566604127579738
1 0.298125 0.3827392120075047 0.05625 0.075046904315197
1 0.545 0.3545966228893058 0.07 0.0900562851782364
1 0.414375 0.32833020637898686 0.04375 0.0600375234521576
1 0.644375 0.3133208255159475 0.04875 0.0600375234521576
2 0.290625 0.27392120075046905 0.09875 0.13883677298311445
