1 0.638125 0.38649155722326456 0.06875 0.08630393996247655
1 0.388125 0.46810506566604126 0.04125 0.058161350844277676
1 0.788125 0.4774859287054409 0.03375 0.04690431519699812
1 0.916875 0.5075046904315197 0.03625 0.03564727954971857
1 0.323125 0.5065666041275797 0.03875 0.04127579737335835
2 0.63625 0.2964352720450281 0.095 0.1275797373358349
2 0.915625 0.4652908067542214 0.05375 0.06378986866791744
2 0.794375 0.42401500938086306 0.05125 0.08630393996247655
2 0.328125 0.44934333958724204 0.05625 0.09943714821763602
2 0.38625 0.4155722326454034 0.065 0.07317073170731707
