3 0.498125 0.05727155727155727 0.05375 0.05791505791505792
3 0.66375 0.08622908622908623 0.0525 0.04118404118404118
3 0.13625 0.09202059202059203 0.0525 0.04504504504504504
3 0.3125 0.06241956241956242 0.045 0.04504504504504504
3 0.505625 0.5990990990990991 0.04375 0.04247104247104247
3 0.67625 0.5682110682110683 0.0425 0.04504504504504504
3 0.850625 0.05019305019305019 0.04625 0.03861003861003861
3 0.856875 0.5900900900900901 0.04125 0.04504504504504504
3 0.148125 0.5752895752895753 0.04125 0.03861003861003861
1 0.851875 0.08236808236808237 0.03875 0.036036036036036036
1 0.663125 0.11261261261261261 0.03625 0.032175032175032175
1 0.13625 0.11583011583011583 0.04 0.03346203346203346
1 0.3125 0.09588159588159588 0.0325 0.03732303732303732
1 0.67375 0.5952380952380952 0.035 0.03732303732303732
1 0.5075 0.6254826254826255 0.0325 0.03346203346203346
1 0.149375 0.6016731016731016 0.03375 0.03732303732303732
1 0.853125 0.6113256113256114 0.03125 0.03346203346203346
1 0.498125 0.10231660231660232 0.03375 0.03732303732303732
1 0.323125 0.5804375804375804 0.03375 0.03861003861003861
2 0.32125 0.5411840411840412 0.0475 0.06306306306306306
