3 0.709375 0.18667917448405252 0.11875 0.13320825515947468
3 0.09125 0.30112570356472795 0.07 0.08818011257035648
3 0.561875 0.21951219512195122 0.07375 0.09380863039399624
3 0.39125 0.2589118198874296 0.07 0.08630393996247655
3 0.233125 0.33114446529080677 0.06875 0.08818011257035648
1 0.700625 0.31894934333958724 0.09625 0.12382739212007504
1 0.23125 0.3883677298311445 0.055 0.06378986866791744
1 0.0925 0.3649155722326454 0.0575 0.06191369606003752
1 0.558125 0.2973733583489681 0.05875 0.07692307692307693
1 0.393125 0.3330206378986867 0.05625 0.06566604127579738
