1 0.453125 0.27861163227016883 0.08625 0.11444652908067542
1 0.1875 0.19793621013133209 0.0975 0.10694183864915573
1 0.881875 0.25422138836772984 0.09125 0.10694183864915573
1 0.335625 0.19793621013133209 0.07875 0.09943714821763602
1 0.62625 0.324577861163227 0.085 0.10881801125703565
2 0.4825 0.12382739212007504 0.1575 0.225140712945591
2 0.651875 0.150093808630394 0.13625 0.2176360225140713
2 0.325 0.07692307692307693 0.11 0.15384615384615385
2 0.2 0.06848030018761726 0.1475 0.13696060037523453
2 0.9 0.1022514071294559 0.15 0.2045028142589118
