3 0.04125 0.2546816479400749 0.0825 0.12734082397003746
3 0.13 0.20411985018726592 0.0825 0.09737827715355805
3 0.58 0.2687265917602996 0.065 0.09176029962546817
3 0.413125 0.30337078651685395 0.06125 0.07865168539325842
3 0.304375 0.34831460674157305 0.05125 0.07116104868913857
1 0.13875 0.28370786516853935 0.055 0.07303370786516854
1 0.045625 0.35767790262172283 0.06875 0.09737827715355805
1 0.4125 0.3642322097378277 0.0475 0.05056179775280899
1 0.583125 0.33801498127340823 0.05125 0.05805243445692884
1 0.81 0.3782771535580524 0.0725 0.09737827715355805
2 0.809375 0.22659176029962547 0.14375 0.2247191011235955
