3 0.200625 0.17448405253283303 0.12875 0.150093808630394
3 0.9175 0.28330206378986866 0.075 0.0900562851782364
3 0.44 0.2954971857410882 0.065 0.08067542213883677
3 0.580625 0.27298311444652906 0.06625 0.07692307692307693
3 0.721875 0.2129455909943715 0.07375 0.08818011257035648
3 0.290625 0.22889305816135083 0.06625 0.08630393996247655
1 0.441875 0.34896810506566606 0.04875 0.0600375234521576
1 0.58 0.3273921200750469 0.05 0.058161350844277676
1 0.716875 0.27298311444652906 0.05625 0.06191369606003752
1 0.909375 0.34709193245778613 0.05625 0.06378986866791744
1 0.2875 0.2973733583489681 0.055 0.07317073170731707
