2 0.600625 0.3919642857142857 0.05875 0.0625
1 0.376875 0.3625 0.05375 0.07142857142857142
1 0.59875 0.43839285714285714 0.0375 0.05178571428571429
1 0.08375 0.4758928571428571 0.04 0.033928571428571426
1 0.188125 0.44910714285714287 0.03125 0.04107142857142857
1 0.659375 0.47232142857142856 0.03125 0.04107142857142857
2 0.370625 0.2839285714285714 0.08125 0.09642857142857143
2 0.65375 0.41696428571428573 0.055 0.08392857142857142
2 0.08375 0.4348214285714286 0.0525 0.0625
2 0.185625 0.39732142857142855 0.04375 0.0875
