3 0.8125 0.18198874296435272 0.135 0.1425891181988743
3 0.42875 0.275797373358349 0.065 0.075046904315197
3 0.56875 0.30206378986866794 0.0625 0.0825515947467167
3 0.090625 0.2861163227016886 0.07375 0.08818011257035648
3 0.29125 0.21388367729831145 0.075 0.0825515947467167
3 0.72125 0.23827392120075047 0.0675 0.08630393996247655
1 0.721875 0.3058161350844278 0.05625 0.07129455909943715
1 0.100625 0.34896810506566606 0.05875 0.06378986866791744
1 0.42875 0.3320825515947467 0.05 0.05628517823639775
1 0.294375 0.275797373358349 0.05625 0.06378986866791744
1 0.568125 0.35553470919324576 0.04875 0.058161350844277676
1 0.77375 0.30206378986866794 0.0575 0.1125703564727955
