3 0.7 0.19793621013133209 0.065 0.06566604127579738
3 0.33625 0.22326454033771106 0.0725 0.0825515947467167
3 0.903125 0.24296435272045028 0.07375 0.09943714821763602
3 0.09875 0.17823639774859287 0.065 0.0600375234521576
3 0.209375 0.24671669793621012 0.05875 0.08442776735459662
3 0.795625 0.2570356472795497 0.05625 0.075046904315197
3 0.59875 0.21200750469043153 0.0525 0.07129455909943715
1 0.68625 0.24859287054409004 0.04 0.05065666041275797
1 0.878125 0.2851782363977486 0.03875 0.05628517823639775
1 0.309375 0.27110694183864914 0.03625 0.05065666041275797
1 0.584375 0.24765478424015008 0.03375 0.04878048780487805
1 0.086875 0.225140712945591 0.03375 0.04878048780487805
1 0.445625 0.22889305816135083 0.03375 0.05628517823639775
1 0.778125 0.29080675422138835 0.03375 0.0525328330206379
1 0.190625 0.2776735459662289 0.02875 0.0450281425891182
2 0.48125 0.17354596622889307 0.0825 0.12570356472795496
