3 0.885 0.1451310861423221 0.0775 0.10299625468164794
3 0.309375 0.21629213483146068 0.07125 0.08052434456928839
3 0.36875 0.26591760299625467 0.05 0.06367041198501873
3 0.495625 0.2602996254681648 0.04375 0.0449438202247191
1 0.316875 0.27902621722846443 0.04875 0.06741573033707865
1 0.496875 0.30711610486891383 0.03375 0.04119850187265917
1 0.375 0.31273408239700373 0.04 0.04868913857677903
1 0.865 0.21816479400749064 0.04 0.07677902621722846
1 0.7775 0.32303370786516855 0.04 0.05805243445692884
2 0.786875 0.2397003745318352 0.06875 0.149812734082397
