3 0.90625 0.24202626641651032 0.0775 0.075046904315197
3 0.334375 0.2176360225140713 0.04625 0.06378986866791744
3 0.7975 0.25422138836772984 0.0475 0.06191369606003752
3 0.679375 0.20168855534709193 0.05125 0.06191369606003752
3 0.56375 0.2026266416510319 0.0475 0.0600375234521576
3 0.118125 0.18105065666041276 0.04875 0.05065666041275797
3 0.23375 0.23827392120075047 0.05 0.0525328330206379
1 0.441875 0.2270168855534709 0.03375 0.0525328330206379
1 0.563125 0.24390243902439024 0.03375 0.0450281425891182
1 0.7975 0.2926829268292683 0.035 0.0450281425891182
1 0.681875 0.25422138836772984 0.03375 0.05065666041275797
1 0.118125 0.225140712945591 0.03875 0.0450281425891182
1 0.904375 0.2954971857410882 0.03625 0.04690431519699812
1 0.330625 0.2701688555347092 0.03375 0.0450281425891182
1 0.234375 0.27861163227016883 0.03375 0.043151969981238276
2 0.443125 0.16322701688555347 0.04375 0.09380863039399624
