3 0.2175 0.3405253283302064 0.11 0.13320825515947468
3 0.45625 0.18574108818011256 0.145 0.19887429643527205
3 0.045625 0.3273921200750469 0.09125 0.15572232645403378
3 0.314375 0.24108818011257035 0.08625 0.16322701688555347
3 0.711875 0.28424015009380865 0.31625 0.425891181988743
1 0.469375 0.3452157598499062 0.10125 0.1275797373358349
1 0.061875 0.44840525328330205 0.10125 0.0975609756097561
1 0.318125 0.36397748592870544 0.07375 0.10131332082551595
1 0.22625 0.44183864915572235 0.0725 0.07692307692307693
1 0.6475 0.5619136960600375 0.1675 0.18198874296435272
