1 0.31125 0.3384321223709369 0.12 0.15678776290630975
1 0.46875 0.30019120458891013 0.095 0.12619502868068833
1 0.5625 0.27151051625239003 0.0875 0.11089866156787763
1 0.785625 0.25047801147227533 0.07625 0.0994263862332696
1 0.676875 0.33747609942638623 0.07375 0.09751434034416825
2 0.565 0.16539196940726578 0.1125 0.13575525812619502
2 0.300625 0.17590822179732313 0.16375 0.2447418738049713
2 0.678125 0.251434034416826 0.10375 0.11663479923518165
2 0.4625 0.1806883365200765 0.1075 0.11281070745697896
2 0.78625 0.16443594646271512 0.0975 0.12619502868068833
