3 0.78125 0.1654275092936803 0.145 0.1449814126394052
3 0.533125 0.21561338289962825 0.07375 0.08921933085501858
3 0.2475 0.2527881040892193 0.0675 0.08550185873605948
3 0.690625 0.17936802973977695 0.05875 0.09479553903345725
3 0.396875 0.275092936802974 0.06625 0.08550185873605948
3 0.0825 0.17193308550185873 0.08 0.09107806691449814
1 0.53375 0.2843866171003718 0.0525 0.06691449814126393
1 0.768125 0.3048327137546468 0.08125 0.11895910780669144
1 0.084375 0.23513011152416358 0.06625 0.0762081784386617
1 0.246875 0.3187732342007435 0.05125 0.0687732342007435
1 0.689375 0.2527881040892193 0.05375 0.08178438661710037
1 0.390625 0.32899628252788105 0.05125 0.06319702602230483
