3 0.888125 0.199812382739212 0.08125 0.08818011257035648
3 0.15125 0.13883677298311445 0.0575 0.0675422138836773
3 0.666875 0.1651031894934334 0.05625 0.07129455909943715
3 0.35375 0.18667917448405252 0.055 0.08442776735459662
3 0.244375 0.20637898686679174 0.05125 0.0600375234521576
3 0.585 0.1801125703564728 0.0475 0.0600375234521576
3 0.7825 0.22138836772983114 0.0525 0.0600375234521576
1 0.66375 0.22420262664165103 0.0375 0.054409005628517824
1 0.468125 0.19887429643527205 0.03625 0.06378986866791744
1 0.35 0.25140712945590993 0.0375 0.05628517823639775
1 0.246875 0.25046904315197 0.03875 0.05065666041275797
1 0.881875 0.25328330206378985 0.04375 0.0525328330206379
1 0.580625 0.22795497185741087 0.03625 0.05065666041275797
1 0.154375 0.19699812382739212 0.04625 0.05628517823639775
1 0.784375 0.2654784240150094 0.03875 0.05065666041275797
2 0.466875 0.1275797373358349 0.05125 0.1050656660412758
