1 0.813125 0.31086142322097376 0.07375 0.08239700374531835
1 0.260625 0.3352059925093633 0.05625 0.08614232209737828
1 0.164375 0.29213483146067415 0.06875 0.09363295880149813
1 0.51875 0.3717228464419476 0.045 0.05056179775280899
1 0.655 0.4166666666666667 0.05 0.05805243445692884
1 0.38625 0.37265917602996257 0.04 0.04868913857677903
2 0.824375 0.21722846441947566 0.12375 0.13108614232209737
2 0.26875 0.26591760299625467 0.095 0.10861423220973783
2 0.39125 0.32209737827715357 0.065 0.0898876404494382
2 0.135 0.20599250936329588 0.15 0.12734082397003746
2 0.66 0.3445692883895131 0.07 0.11610486891385768
2 0.515 0.3192883895131086 0.06 0.08052434456928839
