1 0.32 0.35580524344569286 0.0525 0.06367041198501873
1 0.225625 0.41760299625468167 0.04875 0.06367041198501873
1 0.4975 0.40636704119850187 0.0425 0.052434456928838954
1 0.833125 0.40168539325842695 0.08375 0.1404494382022472
1 0.11125 0.37640449438202245 0.095 0.1797752808988764
2 0.196875 0.37453183520599254 0.08625 0.12359550561797752
2 0.485 0.35674157303370785 0.0675 0.08801498127340825
2 0.305625 0.30337078651685395 0.07875 0.10112359550561797
2 0.09625 0.16760299625468164 0.1925 0.32397003745318353
2 0.903125 0.29681647940074907 0.19375 0.2640449438202247
