3 0.28125 0.19324577861163228 0.12 0.1275797373358349
3 0.428125 0.22607879924953095 0.07625 0.09193245778611632
3 0.598125 0.2692307692307692 0.07125 0.09193245778611632
3 0.898125 0.3048780487804878 0.07125 0.08818011257035648
3 0.755 0.33583489681050654 0.0675 0.08630393996247655
1 0.291875 0.3227016885553471 0.09875 0.12382739212007504
1 0.429375 0.30112570356472795 0.06125 0.07692307692307693
1 0.758125 0.39118198874296434 0.05375 0.06566604127579738
1 0.595625 0.33677298311444653 0.05625 0.06941838649155722
1 0.89625 0.3649155722326454 0.0575 0.06566604127579738
