3 0.87375 0.2804878048780488 0.1125 0.11444652908067542
3 0.3 0.22607879924953095 0.0875 0.14071294559099437
3 0.6475 0.22045028142589118 0.0775 0.11444652908067542
3 0.215 0.26360225140712945 0.075 0.10318949343339587
3 0.118125 0.18667917448405252 0.08625 0.13320825515947468
3 0.569375 0.22138836772983114 0.07625 0.10881801125703565
3 0.760625 0.29924953095684803 0.07875 0.09193245778611632
1 0.56125 0.2804878048780488 0.05 0.06566604127579738
1 0.124375 0.2401500938086304 0.06625 0.07129455909943715
1 0.85625 0.3545966228893058 0.0625 0.075046904315197
1 0.7575 0.35365853658536583 0.0575 0.06941838649155722
1 0.64125 0.29080675422138835 0.055 0.075046904315197
1 0.460625 0.2945590994371482 0.04875 0.07879924953095685
1 0.313125 0.2964352720450281 0.05375 0.0675422138836773
1 0.223125 0.3170731707317073 0.05125 0.0675422138836773
2 0.46 0.19887429643527205 0.075 0.2101313320825516
