3 0.593125 0.2682926829268293 0.12625 0.1200750469043152
3 0.2075 0.19606003752345216 0.11 0.18574108818011256
3 0.713125 0.2570356472795497 0.08125 0.0975609756097561
3 0.476875 0.25140712945590993 0.08625 0.1050656660412758
3 0.3925 0.16416510318949343 0.105 0.12570356472795496
3 0.303125 0.19606003752345216 0.08625 0.1294559099437148
3 0.773125 0.30863039399624764 0.05625 0.08067542213883677
1 0.22875 0.35647279549718575 0.0925 0.11632270168855535
1 0.855625 0.3452157598499062 0.05625 0.0825515947467167
1 0.389375 0.27298311444652906 0.07125 0.09943714821763602
1 0.583125 0.3724202626641651 0.06875 0.09943714821763602
1 0.305625 0.3123827392120075 0.06875 0.10318949343339587
1 0.776875 0.3649155722326454 0.05625 0.08442776735459662
1 0.709375 0.3433395872420263 0.07125 0.09380863039399624
1 0.471875 0.32176360225140715 0.05875 0.06941838649155722
2 0.855 0.24390243902439024 0.0725 0.14634146341463414
