3 0.74875 0.15578358208955223 0.14 0.13246268656716417
3 0.0975 0.19682835820895522 0.0875 0.10261194029850747
3 0.425 0.2994402985074627 0.0625 0.09514925373134328
3 0.59875 0.23041044776119404 0.0775 0.0914179104477612
3 0.266875 0.2667910447761194 0.07625 0.08582089552238806
1 0.73 0.29384328358208955 0.1025 0.1287313432835821
1 0.10875 0.26026119402985076 0.0675 0.07649253731343283
1 0.26625 0.3246268656716418 0.0625 0.06343283582089553
1 0.598125 0.3041044776119403 0.06125 0.07462686567164178
1 0.423125 0.36007462686567165 0.05375 0.06343283582089553
