1 0.410625 0.44183864915572235 0.05125 0.06191369606003752
1 0.6625 0.4343339587242026 0.0625 0.07317073170731707
1 0.7975 0.4090056285178236 0.055 0.07129455909943715
1 0.554375 0.38649155722326456 0.06125 0.075046904315197
1 0.22625 0.46716697936210133 0.0525 0.0600375234521576
2 0.22125 0.41275797373358347 0.065 0.075046904315197
2 0.56 0.2879924953095685 0.075 0.15572232645403378
2 0.79875 0.34615384615384615 0.0775 0.09568480300187618
2 0.665 0.33583489681050654 0.075 0.1425891181988743
2 0.404375 0.3780487804878049 0.06625 0.07692307692307693
