1 0.161875 0.1772983114446529 0.10125 0.11444652908067542
1 0.64 0.30112570356472795 0.085 0.09943714821763602
1 0.883125 0.24577861163227016 0.09125 0.10881801125703565
1 0.351875 0.23076923076923078 0.07625 0.1050656660412758
1 0.449375 0.2861163227016886 0.08625 0.11069418386491557
2 0.6425 0.13133208255159476 0.11 0.23639774859287055
2 0.345 0.09849906191369606 0.1 0.19324577861163228
2 0.900625 0.10131332082551595 0.14875 0.2026266416510319
2 0.16875 0.06848030018761726 0.1375 0.13696060037523453
2 0.44125 0.11819887429643527 0.115 0.23639774859287055
