3 0.750625 0.21575984990619138 0.14125 0.16885553470919323
3 0.154375 0.23921200750469043 0.07375 0.08818011257035648
1 0.163125 0.31050656660412757 0.05875 0.07317073170731707
1 0.32 0.34615384615384615 0.0475 0.06941838649155722
1 0.730625 0.37523452157598497 0.07375 0.1350844277673546
1 0.4825 0.3133208255159475 0.05 0.07879924953095685
1 0.644375 0.2767354596622889 0.05625 0.08067542213883677
2 0.32125 0.2401500938086304 0.0675 0.1575984990619137
2 0.660625 0.1726078799249531 0.07875 0.16885553470919323
2 0.4825 0.21388367729831145 0.06 0.17636022514071295
