3 0.30375 0.14307931570762053 0.07 0.07153965785381027
3 0.666875 0.15318818040435458 0.07375 0.07309486780715396
3 0.2 0.12286158631415241 0.0625 0.06531881804043546
3 0.775 0.13297045101088648 0.06 0.05754276827371695
1 0.5575 0.19906687402799378 0.065 0.07465007776049767
1 0.299375 0.20606531881804044 0.05625 0.05754276827371695
1 0.199375 0.18118195956454122 0.05375 0.05443234836702955
1 0.413125 0.21461897356143078 0.06375 0.06842923794712286
1 0.1025 0.1640746500777605 0.0525 0.05754276827371695
1 0.666875 0.2115085536547434 0.05375 0.05598755832037325
1 0.7775 0.1827371695178849 0.05 0.04821150855365474
1 0.885 0.16174183514774496 0.045 0.049766718506998445
2 0.5575 0.12363919129082426 0.08 0.08864696734059098
2 0.423125 0.12130637636080871 0.07875 0.1368584758942457
2 0.108125 0.10342146189735614 0.07625 0.07931570762052877
2 0.885 0.10730948678071539 0.06 0.06220839813374806
