3 0.6725 0.22795497185741087 0.05 0.058161350844277676
3 0.3275 0.2954971857410882 0.0425 0.06191369606003752
3 0.555 0.27392120075046905 0.055 0.0600375234521576
3 0.86 0.3273921200750469 0.0775 0.08818011257035648
3 0.15875 0.2176360225140713 0.045 0.0525328330206379
3 0.240625 0.30206378986866794 0.05125 0.05628517823639775
3 0.75375 0.3227016885553471 0.05 0.0525328330206379
1 0.45125 0.2598499061913696 0.035 0.06191369606003752
1 0.751875 0.3592870544090056 0.03625 0.05065666041275797
1 0.666875 0.27110694183864914 0.03875 0.04690431519699812
1 0.15875 0.2570356472795497 0.0375 0.04878048780487805
1 0.551875 0.3123827392120075 0.03875 0.04690431519699812
1 0.33125 0.3395872420262664 0.035 0.04878048780487805
1 0.24 0.33583489681050654 0.0375 0.04878048780487805
1 0.854375 0.37617260787992496 0.04375 0.054409005628517824
2 0.453125 0.18761726078799248 0.04625 0.08630393996247655
