3 0.25375 0.8349056603773585 0.125 0.16037735849056603
1 0.03875 0.4509433962264151 0.0475 0.05660377358490566
1 0.270625 0.6 0.04625 0.052830188679245285
1 0.570625 0.6018867924528302 0.04875 0.06037735849056604
1 0.724375 0.5650943396226416 0.05375 0.062264150943396226
1 0.45 0.4962264150943396 0.05 0.06415094339622641
2 0.575625 0.5367924528301887 0.09625 0.10754716981132076
2 0.27 0.5443396226415095 0.085 0.08867924528301886
2 0.443125 0.439622641509434 0.10125 0.09433962264150944
2 0.740625 0.5018867924528302 0.09625 0.1169811320754717
2 0.04125 0.3905660377358491 0.075 0.09433962264150944
2 0.133125 0.5367924528301887 0.07625 0.09622641509433963
