3 0.380625 0.22420262664165103 0.20375 0.1669793621013133
3 0.87625 0.3302063789868668 0.065 0.075046904315197
3 0.664375 0.3227016885553471 0.07875 0.0975609756097561
3 0.5625 0.2964352720450281 0.085 0.09380863039399624
1 0.390625 0.3696060037523452 0.10125 0.1275797373358349
1 0.66125 0.40431519699812385 0.0675 0.08067542213883677
1 0.135 0.29362101313320826 0.07 0.08442776735459662
1 0.8775 0.38649155722326456 0.0525 0.0675422138836773
1 0.56375 0.37335834896810505 0.0475 0.06378986866791744
2 0.130625 0.20356472795497185 0.10125 0.12195121951219512
2 0.564375 0.29924953095684803 0.08625 0.10318949343339587
