3 0.780625 0.17863720073664824 0.16625 0.18047882136279927
3 0.0875 0.06077348066298342 0.1 0.11049723756906077
3 0.429375 0.12062615101289134 0.10875 0.12338858195211787
3 0.1775 0.2587476979742173 0.11 0.13075506445672191
1 0.76 0.35174953959484345 0.1075 0.1289134438305709
1 0.619375 0.30755064456721914 0.08375 0.1252302025782689
1 0.4225 0.22099447513812154 0.08 0.10681399631675875
1 0.190625 0.36464088397790057 0.09375 0.10313075506445672
1 0.085625 0.1721915285451197 0.08375 0.12338858195211787
2 0.61875 0.1270718232044199 0.1175 0.2541436464088398
