3 0.763125 0.14907407407407408 0.15375 0.1685185185185185
3 0.136875 0.20185185185185187 0.08875 0.1
3 0.336875 0.2777777777777778 0.07625 0.1
3 0.639375 0.22037037037037038 0.08125 0.1037037037037037
3 0.4775 0.29907407407407405 0.0675 0.09444444444444444
1 0.143125 0.2740740740740741 0.06625 0.07407407407407407
1 0.63625 0.30092592592592593 0.065 0.07592592592592592
1 0.335 0.3509259259259259 0.0625 0.07222222222222222
1 0.478125 0.36018518518518516 0.05875 0.07592592592592592
1 0.718125 0.2972222222222222 0.07375 0.1574074074074074
