3 0.77375 0.2870544090056285 0.13 0.1575984990619137
3 0.390625 0.3527204502814259 0.09875 0.10881801125703565
3 0.406875 0.150093808630394 0.09875 0.1125703564727955
3 0.58375 0.20544090056285177 0.09 0.11444652908067542
1 0.4025 0.4427767354596623 0.0825 0.0975609756097561
1 0.755625 0.4268292682926829 0.06625 0.11069418386491557
1 0.5875 0.30393996247654786 0.0725 0.0975609756097561
1 0.18875 0.33771106941838647 0.085 0.1125703564727955
1 0.40875 0.24671669793621012 0.085 0.09568480300187618
2 0.168125 0.16322701688555347 0.13375 0.2589118198874296
