1 0.565 0.3443830570902394 0.1 0.1252302025782689
1 0.834375 0.3996316758747698 0.05625 0.06998158379373849
1 0.18625 0.42173112338858193 0.0425 0.055248618784530384
1 0.313125 0.44106813996316757 0.03875 0.0570902394106814
1 0.693125 0.4263351749539595 0.05125 0.0718232044198895
2 0.8525 0.3406998158379374 0.1025 0.1289134438305709
2 0.549375 0.2007366482504604 0.17125 0.2136279926335175
2 0.18 0.36095764272559855 0.07 0.1141804788213628
2 0.314375 0.4005524861878453 0.05625 0.08287292817679558
2 0.42875 0.4005524861878453 0.08 0.10128913443830571
2 0.691875 0.3710865561694291 0.07125 0.07918968692449356
