3 0.71875 0.39638783269961975 0.095 0.12357414448669202
3 0.586875 0.25570342205323193 0.08625 0.09695817490494296
3 0.2675 0.14258555133079848 0.1025 0.12167300380228137
3 0.408125 0.2804182509505703 0.09375 0.11216730038022814
3 0.4925 0.467680608365019 0.0975 0.09885931558935361
1 0.2675 0.24429657794676807 0.0725 0.09315589353612168
1 0.493125 0.5598859315589354 0.06375 0.08935361216730038
1 0.59125 0.3365019011406844 0.0675 0.07984790874524715
1 0.411875 0.3745247148288973 0.06625 0.08745247148288973
1 0.73 0.5038022813688213 0.08 0.09505703422053231
