1 0.820625 0.4831144465290807 0.09125 0.11069418386491557
1 0.48625 0.22795497185741087 0.0775 0.10318949343339587
1 0.175625 0.3424015009380863 0.10625 0.12195121951219512
1 0.66125 0.2851782363977486 0.0875 0.1125703564727955
1 0.37 0.36585365853658536 0.0775 0.0975609756097561
2 0.48 0.09193245778611632 0.1025 0.18386491557223264
2 0.370625 0.2026266416510319 0.09375 0.2026266416510319
2 0.1325 0.150093808630394 0.145 0.2626641651031895
2 0.8475 0.29924953095684803 0.1225 0.24953095684803
2 0.68625 0.11069418386491557 0.135 0.2176360225140713
